function enfoque = get_enfoque()

	enfoque = [9 8 9 9 9 9 9 8 13 10 9 1 9 9 9 9 5 10 1 9 8 9 10 9 9 4 9 9 8 7 8 9 13 9 10 9 9 10 8 9 14 9 8 10 10 7 11 8 9 9 9 10 9 9 9 7 11 8 9 7 10 9 7 8 9 4 9 11 8 5 8 9 9 8 9 8 9 9 9 9 6 8 10 11 8 7 10 9 7 9 9 8 11 4 9 8 6 9 10 8 8 8 9 10 10 8 9 8 5 8 8 9 8 9 8 10 9 9 9 9 7 9 9 9 9 9 9 9 8 8 8 8 9 6 9 8 7 8 9 7 7 8 8 6 9 7 9 6 6 7 12 8 8 7 8 9 9 8 7 9 10 7 9 8 10 8 10 10 9 9 11 8 9 9 9 2 10 6 10 9 9 9 9 10 9 9 9 9 6 9 7 7 7 10 10 9 9 9 9 10 10 10 10 9 9 3 9 9 9 10 10 10 9 10 9 10 10 9 9 10 9 9 11 9 9 10 10 10 9 10 9 9 10 9 11 9 10 9 9 9 10 10 10 10 10 9 9 9 9 9 8 9 9 9 9 10 10 10 10 9 13 10 10 10 9 10 10 9 9 9 10 10 10 10 9 9 10 9 10 10 9 8 10 9 9 10 10 9 9 9 9 8 11 9 9 10 9 9 9 10];
